param num_acids := 50 ;
set H_PHOBIC := 2 4 5 6 11 12 17 20 21 25 27 28 30 31 33 37 44 46 ;

set IND_HP :=
    2	4
    2	5
    2	6
    2	11
    2	12
    2	17
    2	20
    2	21
    2	25
    2	27
    2	28
    2	30
    2	31
    2	33
    2	37
    2	44
    2	46
    4	6
    4	11
    4	12
    4	17
    4	20
    4	21
    4	25
    4	27
    4	28
    4	30
    4	31
    4	33
    4	37
    4	44
    4	46
    5	11
    5	12
    5	17
    5	20
    5	21
    5	25
    5	27
    5	28
    5	30
    5	31
    5	33
    5	37
    5	44
    5	46
    6	11
    6	12
    6	17
    6	20
    6	21
    6	25
    6	27
    6	28
    6	30
    6	31
    6	33
    6	37
    6	44
    6	46
    11	17
    11	20
    11	21
    11	25
    11	27
    11	28
    11	30
    11	31
    11	33
    11	37
    11	44
    11	46
    12	17
    12	20
    12	21
    12	25
    12	27
    12	28
    12	30
    12	31
    12	33
    12	37
    12	44
    12	46
    17	20
    17	21
    17	25
    17	27
    17	28
    17	30
    17	31
    17	33
    17	37
    17	44
    17	46
    20	25
    20	27
    20	28
    20	30
    20	31
    20	33
    20	37
    20	44
    20	46
    21	25
    21	27
    21	28
    21	30
    21	31
    21	33
    21	37
    21	44
    21	46
    25	27
    25	28
    25	30
    25	31
    25	33
    25	37
    25	44
    25	46
    27	30
    27	31
    27	33
    27	37
    27	44
    27	46
    28	30
    28	31
    28	33
    28	37
    28	44
    28	46
    30	33
    30	37
    30	44
    30	46
    31	33
    31	37
    31	44
    31	46
    33	37
    33	44
    33	46
    37	44
    37	46
    44	46 ;

param: IK1J: list_1_i list_1_k1 list_1_j :=
    1	 2  4  2 
    2	 2  4  3 
    3	 2  5  2 
    4	 2  5  4 
    5	 2  6  2 
    6	 2  6  3 
    7	 2  6  4 
    8	 2  6  5 
    9	 2  11  2 
    10	 2  11  3 
    11	 2  11  4 
    12	 2  11  5 
    13	 2  11  7 
    14	 2  11  8 
    15	 2  11  9 
    16	 2  11  10 
    17	 2  12  2 
    18	 2  12  3 
    19	 2  12  4 
    20	 2  12  5 
    21	 2  12  6 
    22	 2  12  7 
    23	 2  12  8 
    24	 2  12  9 
    25	 2  12  10 
    26	 2  12  11 
    27	 2  17  2 
    28	 2  17  3 
    29	 2  17  4 
    30	 2  17  5 
    31	 2  17  6 
    32	 2  17  7 
    33	 2  17  8 
    34	 2  17  10 
    35	 2  17  11 
    36	 2  17  12 
    37	 2  17  13 
    38	 2  17  14 
    39	 2  17  15 
    40	 2  17  16 
    41	 2  20  2 
    42	 2  20  3 
    43	 2  20  4 
    44	 2  20  5 
    45	 2  20  6 
    46	 2  20  7 
    47	 2  20  8 
    48	 2  20  9 
    49	 2  20  10 
    50	 2  20  11 
    51	 2  20  12 
    52	 2  20  13 
    53	 2  20  14 
    54	 2  20  15 
    55	 2  20  16 
    56	 2  20  17 
    57	 2  20  18 
    58	 2  20  19 
    59	 2  21  2 
    60	 2  21  3 
    61	 2  21  4 
    62	 2  21  5 
    63	 2  21  6 
    64	 2  21  7 
    65	 2  21  8 
    66	 2  21  9 
    67	 2  21  10 
    68	 2  21  12 
    69	 2  21  13 
    70	 2  21  14 
    71	 2  21  15 
    72	 2  21  16 
    73	 2  21  17 
    74	 2  21  18 
    75	 2  21  19 
    76	 2  21  20 
    77	 2  25  2 
    78	 2  25  3 
    79	 2  25  4 
    80	 2  25  5 
    81	 2  25  6 
    82	 2  25  7 
    83	 2  25  8 
    84	 2  25  9 
    85	 2  25  10 
    86	 2  25  11 
    87	 2  25  12 
    88	 2  25  14 
    89	 2  25  15 
    90	 2  25  16 
    91	 2  25  17 
    92	 2  25  18 
    93	 2  25  19 
    94	 2  25  20 
    95	 2  25  21 
    96	 2  25  22 
    97	 2  25  23 
    98	 2  25  24 
    99	 2  27  2 
    100	 2  27  3 
    101	 2  27  4 
    102	 2  27  5 
    103	 2  27  6 
    104	 2  27  7 
    105	 2  27  8 
    106	 2  27  9 
    107	 2  27  10 
    108	 2  27  11 
    109	 2  27  12 
    110	 2  27  13 
    111	 2  27  15 
    112	 2  27  16 
    113	 2  27  17 
    114	 2  27  18 
    115	 2  27  19 
    116	 2  27  20 
    117	 2  27  21 
    118	 2  27  22 
    119	 2  27  23 
    120	 2  27  24 
    121	 2  27  25 
    122	 2  27  26 
    123	 2  28  2 
    124	 2  28  3 
    125	 2  28  4 
    126	 2  28  5 
    127	 2  28  6 
    128	 2  28  7 
    129	 2  28  8 
    130	 2  28  9 
    131	 2  28  10 
    132	 2  28  11 
    133	 2  28  12 
    134	 2  28  13 
    135	 2  28  14 
    136	 2  28  15 
    137	 2  28  16 
    138	 2  28  17 
    139	 2  28  18 
    140	 2  28  19 
    141	 2  28  20 
    142	 2  28  21 
    143	 2  28  22 
    144	 2  28  23 
    145	 2  28  24 
    146	 2  28  25 
    147	 2  28  26 
    148	 2  28  27 
    149	 2  30  2 
    150	 2  30  3 
    151	 2  30  4 
    152	 2  30  5 
    153	 2  30  6 
    154	 2  30  7 
    155	 2  30  8 
    156	 2  30  9 
    157	 2  30  10 
    158	 2  30  11 
    159	 2  30  12 
    160	 2  30  13 
    161	 2  30  14 
    162	 2  30  15 
    163	 2  30  16 
    164	 2  30  17 
    165	 2  30  18 
    166	 2  30  19 
    167	 2  30  20 
    168	 2  30  21 
    169	 2  30  22 
    170	 2  30  23 
    171	 2  30  24 
    172	 2  30  25 
    173	 2  30  26 
    174	 2  30  27 
    175	 2  30  28 
    176	 2  30  29 
    177	 2  31  2 
    178	 2  31  3 
    179	 2  31  4 
    180	 2  31  5 
    181	 2  31  6 
    182	 2  31  7 
    183	 2  31  8 
    184	 2  31  9 
    185	 2  31  10 
    186	 2  31  11 
    187	 2  31  12 
    188	 2  31  13 
    189	 2  31  14 
    190	 2  31  15 
    191	 2  31  17 
    192	 2  31  18 
    193	 2  31  19 
    194	 2  31  20 
    195	 2  31  21 
    196	 2  31  22 
    197	 2  31  23 
    198	 2  31  24 
    199	 2  31  25 
    200	 2  31  26 
    201	 2  31  27 
    202	 2  31  28 
    203	 2  31  29 
    204	 2  31  30 
    205	 2  33  2 
    206	 2  33  3 
    207	 2  33  4 
    208	 2  33  5 
    209	 2  33  6 
    210	 2  33  7 
    211	 2  33  8 
    212	 2  33  9 
    213	 2  33  10 
    214	 2  33  11 
    215	 2  33  12 
    216	 2  33  13 
    217	 2  33  14 
    218	 2  33  15 
    219	 2  33  16 
    220	 2  33  18 
    221	 2  33  19 
    222	 2  33  20 
    223	 2  33  21 
    224	 2  33  22 
    225	 2  33  23 
    226	 2  33  24 
    227	 2  33  25 
    228	 2  33  26 
    229	 2  33  27 
    230	 2  33  28 
    231	 2  33  29 
    232	 2  33  30 
    233	 2  33  31 
    234	 2  33  32 
    235	 2  37  2 
    236	 2  37  3 
    237	 2  37  4 
    238	 2  37  5 
    239	 2  37  6 
    240	 2  37  7 
    241	 2  37  8 
    242	 2  37  9 
    243	 2  37  10 
    244	 2  37  11 
    245	 2  37  12 
    246	 2  37  13 
    247	 2  37  14 
    248	 2  37  15 
    249	 2  37  16 
    250	 2  37  17 
    251	 2  37  18 
    252	 2  37  20 
    253	 2  37  21 
    254	 2  37  22 
    255	 2  37  23 
    256	 2  37  24 
    257	 2  37  25 
    258	 2  37  26 
    259	 2  37  27 
    260	 2  37  28 
    261	 2  37  29 
    262	 2  37  30 
    263	 2  37  31 
    264	 2  37  32 
    265	 2  37  33 
    266	 2  37  34 
    267	 2  37  35 
    268	 2  37  36 
    269	 2  44  2 
    270	 2  44  3 
    271	 2  44  4 
    272	 2  44  5 
    273	 2  44  6 
    274	 2  44  7 
    275	 2  44  8 
    276	 2  44  9 
    277	 2  44  10 
    278	 2  44  11 
    279	 2  44  12 
    280	 2  44  13 
    281	 2  44  14 
    282	 2  44  15 
    283	 2  44  16 
    284	 2  44  17 
    285	 2  44  18 
    286	 2  44  19 
    287	 2  44  20 
    288	 2  44  21 
    289	 2  44  22 
    290	 2  44  23 
    291	 2  44  24 
    292	 2  44  25 
    293	 2  44  26 
    294	 2  44  27 
    295	 2  44  28 
    296	 2  44  29 
    297	 2  44  30 
    298	 2  44  31 
    299	 2  44  32 
    300	 2  44  33 
    301	 2  44  34 
    302	 2  44  35 
    303	 2  44  36 
    304	 2  44  37 
    305	 2  44  38 
    306	 2  44  39 
    307	 2  44  40 
    308	 2  44  41 
    309	 2  44  42 
    310	 2  44  43 
    311	 2  46  2 
    312	 2  46  3 
    313	 2  46  4 
    314	 2  46  5 
    315	 2  46  6 
    316	 2  46  7 
    317	 2  46  8 
    318	 2  46  9 
    319	 2  46  10 
    320	 2  46  11 
    321	 2  46  12 
    322	 2  46  13 
    323	 2  46  14 
    324	 2  46  15 
    325	 2  46  16 
    326	 2  46  17 
    327	 2  46  18 
    328	 2  46  19 
    329	 2  46  20 
    330	 2  46  21 
    331	 2  46  22 
    332	 2  46  23 
    333	 2  46  24 
    334	 2  46  25 
    335	 2  46  26 
    336	 2  46  27 
    337	 2  46  28 
    338	 2  46  29 
    339	 2  46  30 
    340	 2  46  31 
    341	 2  46  32 
    342	 2  46  33 
    343	 2  46  34 
    344	 2  46  35 
    345	 2  46  36 
    346	 2  46  37 
    347	 2  46  38 
    348	 2  46  39 
    349	 2  46  40 
    350	 2  46  41 
    351	 2  46  42 
    352	 2  46  43 
    353	 2  46  44 
    354	 2  46  45 
    355	 4  6  4 
    356	 4  6  5 
    357	 4  11  4 
    358	 4  11  5 
    359	 4  11  6 
    360	 4  11  8 
    361	 4  11  9 
    362	 4  11  10 
    363	 4  12  4 
    364	 4  12  5 
    365	 4  12  6 
    366	 4  12  7 
    367	 4  12  8 
    368	 4  12  9 
    369	 4  12  10 
    370	 4  12  11 
    371	 4  17  4 
    372	 4  17  5 
    373	 4  17  6 
    374	 4  17  7 
    375	 4  17  8 
    376	 4  17  9 
    377	 4  17  11 
    378	 4  17  12 
    379	 4  17  13 
    380	 4  17  14 
    381	 4  17  15 
    382	 4  17  16 
    383	 4  20  4 
    384	 4  20  5 
    385	 4  20  6 
    386	 4  20  7 
    387	 4  20  8 
    388	 4  20  9 
    389	 4  20  10 
    390	 4  20  11 
    391	 4  20  12 
    392	 4  20  13 
    393	 4  20  14 
    394	 4  20  15 
    395	 4  20  16 
    396	 4  20  17 
    397	 4  20  18 
    398	 4  20  19 
    399	 4  21  4 
    400	 4  21  5 
    401	 4  21  6 
    402	 4  21  7 
    403	 4  21  8 
    404	 4  21  9 
    405	 4  21  10 
    406	 4  21  11 
    407	 4  21  13 
    408	 4  21  14 
    409	 4  21  15 
    410	 4  21  16 
    411	 4  21  17 
    412	 4  21  18 
    413	 4  21  19 
    414	 4  21  20 
    415	 4  25  4 
    416	 4  25  5 
    417	 4  25  6 
    418	 4  25  7 
    419	 4  25  8 
    420	 4  25  9 
    421	 4  25  10 
    422	 4  25  11 
    423	 4  25  12 
    424	 4  25  13 
    425	 4  25  15 
    426	 4  25  16 
    427	 4  25  17 
    428	 4  25  18 
    429	 4  25  19 
    430	 4  25  20 
    431	 4  25  21 
    432	 4  25  22 
    433	 4  25  23 
    434	 4  25  24 
    435	 4  27  4 
    436	 4  27  5 
    437	 4  27  6 
    438	 4  27  7 
    439	 4  27  8 
    440	 4  27  9 
    441	 4  27  10 
    442	 4  27  11 
    443	 4  27  12 
    444	 4  27  13 
    445	 4  27  14 
    446	 4  27  16 
    447	 4  27  17 
    448	 4  27  18 
    449	 4  27  19 
    450	 4  27  20 
    451	 4  27  21 
    452	 4  27  22 
    453	 4  27  23 
    454	 4  27  24 
    455	 4  27  25 
    456	 4  27  26 
    457	 4  28  4 
    458	 4  28  5 
    459	 4  28  6 
    460	 4  28  7 
    461	 4  28  8 
    462	 4  28  9 
    463	 4  28  10 
    464	 4  28  11 
    465	 4  28  12 
    466	 4  28  13 
    467	 4  28  14 
    468	 4  28  15 
    469	 4  28  16 
    470	 4  28  17 
    471	 4  28  18 
    472	 4  28  19 
    473	 4  28  20 
    474	 4  28  21 
    475	 4  28  22 
    476	 4  28  23 
    477	 4  28  24 
    478	 4  28  25 
    479	 4  28  26 
    480	 4  28  27 
    481	 4  30  4 
    482	 4  30  5 
    483	 4  30  6 
    484	 4  30  7 
    485	 4  30  8 
    486	 4  30  9 
    487	 4  30  10 
    488	 4  30  11 
    489	 4  30  12 
    490	 4  30  13 
    491	 4  30  14 
    492	 4  30  15 
    493	 4  30  16 
    494	 4  30  17 
    495	 4  30  18 
    496	 4  30  19 
    497	 4  30  20 
    498	 4  30  21 
    499	 4  30  22 
    500	 4  30  23 
    501	 4  30  24 
    502	 4  30  25 
    503	 4  30  26 
    504	 4  30  27 
    505	 4  30  28 
    506	 4  30  29 
    507	 4  31  4 
    508	 4  31  5 
    509	 4  31  6 
    510	 4  31  7 
    511	 4  31  8 
    512	 4  31  9 
    513	 4  31  10 
    514	 4  31  11 
    515	 4  31  12 
    516	 4  31  13 
    517	 4  31  14 
    518	 4  31  15 
    519	 4  31  16 
    520	 4  31  18 
    521	 4  31  19 
    522	 4  31  20 
    523	 4  31  21 
    524	 4  31  22 
    525	 4  31  23 
    526	 4  31  24 
    527	 4  31  25 
    528	 4  31  26 
    529	 4  31  27 
    530	 4  31  28 
    531	 4  31  29 
    532	 4  31  30 
    533	 4  33  4 
    534	 4  33  5 
    535	 4  33  6 
    536	 4  33  7 
    537	 4  33  8 
    538	 4  33  9 
    539	 4  33  10 
    540	 4  33  11 
    541	 4  33  12 
    542	 4  33  13 
    543	 4  33  14 
    544	 4  33  15 
    545	 4  33  16 
    546	 4  33  17 
    547	 4  33  19 
    548	 4  33  20 
    549	 4  33  21 
    550	 4  33  22 
    551	 4  33  23 
    552	 4  33  24 
    553	 4  33  25 
    554	 4  33  26 
    555	 4  33  27 
    556	 4  33  28 
    557	 4  33  29 
    558	 4  33  30 
    559	 4  33  31 
    560	 4  33  32 
    561	 4  37  4 
    562	 4  37  5 
    563	 4  37  6 
    564	 4  37  7 
    565	 4  37  8 
    566	 4  37  9 
    567	 4  37  10 
    568	 4  37  11 
    569	 4  37  12 
    570	 4  37  13 
    571	 4  37  14 
    572	 4  37  15 
    573	 4  37  16 
    574	 4  37  17 
    575	 4  37  18 
    576	 4  37  19 
    577	 4  37  21 
    578	 4  37  22 
    579	 4  37  23 
    580	 4  37  24 
    581	 4  37  25 
    582	 4  37  26 
    583	 4  37  27 
    584	 4  37  28 
    585	 4  37  29 
    586	 4  37  30 
    587	 4  37  31 
    588	 4  37  32 
    589	 4  37  33 
    590	 4  37  34 
    591	 4  37  35 
    592	 4  37  36 
    593	 4  44  4 
    594	 4  44  5 
    595	 4  44  6 
    596	 4  44  7 
    597	 4  44  8 
    598	 4  44  9 
    599	 4  44  10 
    600	 4  44  11 
    601	 4  44  12 
    602	 4  44  13 
    603	 4  44  14 
    604	 4  44  15 
    605	 4  44  16 
    606	 4  44  17 
    607	 4  44  18 
    608	 4  44  19 
    609	 4  44  20 
    610	 4  44  21 
    611	 4  44  22 
    612	 4  44  23 
    613	 4  44  24 
    614	 4  44  25 
    615	 4  44  26 
    616	 4  44  27 
    617	 4  44  28 
    618	 4  44  29 
    619	 4  44  30 
    620	 4  44  31 
    621	 4  44  32 
    622	 4  44  33 
    623	 4  44  34 
    624	 4  44  35 
    625	 4  44  36 
    626	 4  44  37 
    627	 4  44  38 
    628	 4  44  39 
    629	 4  44  40 
    630	 4  44  41 
    631	 4  44  42 
    632	 4  44  43 
    633	 4  46  4 
    634	 4  46  5 
    635	 4  46  6 
    636	 4  46  7 
    637	 4  46  8 
    638	 4  46  9 
    639	 4  46  10 
    640	 4  46  11 
    641	 4  46  12 
    642	 4  46  13 
    643	 4  46  14 
    644	 4  46  15 
    645	 4  46  16 
    646	 4  46  17 
    647	 4  46  18 
    648	 4  46  19 
    649	 4  46  20 
    650	 4  46  21 
    651	 4  46  22 
    652	 4  46  23 
    653	 4  46  24 
    654	 4  46  25 
    655	 4  46  26 
    656	 4  46  27 
    657	 4  46  28 
    658	 4  46  29 
    659	 4  46  30 
    660	 4  46  31 
    661	 4  46  32 
    662	 4  46  33 
    663	 4  46  34 
    664	 4  46  35 
    665	 4  46  36 
    666	 4  46  37 
    667	 4  46  38 
    668	 4  46  39 
    669	 4  46  40 
    670	 4  46  41 
    671	 4  46  42 
    672	 4  46  43 
    673	 4  46  44 
    674	 4  46  45 
    675	 5  11  5 
    676	 5  11  6 
    677	 5  11  7 
    678	 5  11  8 
    679	 5  11  9 
    680	 5  11  10 
    681	 5  12  5 
    682	 5  12  6 
    683	 5  12  7 
    684	 5  12  9 
    685	 5  12  10 
    686	 5  12  11 
    687	 5  17  5 
    688	 5  17  6 
    689	 5  17  7 
    690	 5  17  8 
    691	 5  17  9 
    692	 5  17  10 
    693	 5  17  11 
    694	 5  17  12 
    695	 5  17  13 
    696	 5  17  14 
    697	 5  17  15 
    698	 5  17  16 
    699	 5  20  5 
    700	 5  20  6 
    701	 5  20  7 
    702	 5  20  8 
    703	 5  20  9 
    704	 5  20  10 
    705	 5  20  11 
    706	 5  20  13 
    707	 5  20  14 
    708	 5  20  15 
    709	 5  20  16 
    710	 5  20  17 
    711	 5  20  18 
    712	 5  20  19 
    713	 5  21  5 
    714	 5  21  6 
    715	 5  21  7 
    716	 5  21  8 
    717	 5  21  9 
    718	 5  21  10 
    719	 5  21  11 
    720	 5  21  12 
    721	 5  21  13 
    722	 5  21  14 
    723	 5  21  15 
    724	 5  21  16 
    725	 5  21  17 
    726	 5  21  18 
    727	 5  21  19 
    728	 5  21  20 
    729	 5  25  5 
    730	 5  25  6 
    731	 5  25  7 
    732	 5  25  8 
    733	 5  25  9 
    734	 5  25  10 
    735	 5  25  11 
    736	 5  25  12 
    737	 5  25  13 
    738	 5  25  14 
    739	 5  25  15 
    740	 5  25  16 
    741	 5  25  17 
    742	 5  25  18 
    743	 5  25  19 
    744	 5  25  20 
    745	 5  25  21 
    746	 5  25  22 
    747	 5  25  23 
    748	 5  25  24 
    749	 5  27  5 
    750	 5  27  6 
    751	 5  27  7 
    752	 5  27  8 
    753	 5  27  9 
    754	 5  27  10 
    755	 5  27  11 
    756	 5  27  12 
    757	 5  27  13 
    758	 5  27  14 
    759	 5  27  15 
    760	 5  27  16 
    761	 5  27  17 
    762	 5  27  18 
    763	 5  27  19 
    764	 5  27  20 
    765	 5  27  21 
    766	 5  27  22 
    767	 5  27  23 
    768	 5  27  24 
    769	 5  27  25 
    770	 5  27  26 
    771	 5  28  5 
    772	 5  28  6 
    773	 5  28  7 
    774	 5  28  8 
    775	 5  28  9 
    776	 5  28  10 
    777	 5  28  11 
    778	 5  28  12 
    779	 5  28  13 
    780	 5  28  14 
    781	 5  28  15 
    782	 5  28  17 
    783	 5  28  18 
    784	 5  28  19 
    785	 5  28  20 
    786	 5  28  21 
    787	 5  28  22 
    788	 5  28  23 
    789	 5  28  24 
    790	 5  28  25 
    791	 5  28  26 
    792	 5  28  27 
    793	 5  30  5 
    794	 5  30  6 
    795	 5  30  7 
    796	 5  30  8 
    797	 5  30  9 
    798	 5  30  10 
    799	 5  30  11 
    800	 5  30  12 
    801	 5  30  13 
    802	 5  30  14 
    803	 5  30  15 
    804	 5  30  16 
    805	 5  30  18 
    806	 5  30  19 
    807	 5  30  20 
    808	 5  30  21 
    809	 5  30  22 
    810	 5  30  23 
    811	 5  30  24 
    812	 5  30  25 
    813	 5  30  26 
    814	 5  30  27 
    815	 5  30  28 
    816	 5  30  29 
    817	 5  31  5 
    818	 5  31  6 
    819	 5  31  7 
    820	 5  31  8 
    821	 5  31  9 
    822	 5  31  10 
    823	 5  31  11 
    824	 5  31  12 
    825	 5  31  13 
    826	 5  31  14 
    827	 5  31  15 
    828	 5  31  16 
    829	 5  31  17 
    830	 5  31  18 
    831	 5  31  19 
    832	 5  31  20 
    833	 5  31  21 
    834	 5  31  22 
    835	 5  31  23 
    836	 5  31  24 
    837	 5  31  25 
    838	 5  31  26 
    839	 5  31  27 
    840	 5  31  28 
    841	 5  31  29 
    842	 5  31  30 
    843	 5  33  5 
    844	 5  33  6 
    845	 5  33  7 
    846	 5  33  8 
    847	 5  33  9 
    848	 5  33  10 
    849	 5  33  11 
    850	 5  33  12 
    851	 5  33  13 
    852	 5  33  14 
    853	 5  33  15 
    854	 5  33  16 
    855	 5  33  17 
    856	 5  33  18 
    857	 5  33  19 
    858	 5  33  20 
    859	 5  33  21 
    860	 5  33  22 
    861	 5  33  23 
    862	 5  33  24 
    863	 5  33  25 
    864	 5  33  26 
    865	 5  33  27 
    866	 5  33  28 
    867	 5  33  29 
    868	 5  33  30 
    869	 5  33  31 
    870	 5  33  32 
    871	 5  37  5 
    872	 5  37  6 
    873	 5  37  7 
    874	 5  37  8 
    875	 5  37  9 
    876	 5  37  10 
    877	 5  37  11 
    878	 5  37  12 
    879	 5  37  13 
    880	 5  37  14 
    881	 5  37  15 
    882	 5  37  16 
    883	 5  37  17 
    884	 5  37  18 
    885	 5  37  19 
    886	 5  37  20 
    887	 5  37  21 
    888	 5  37  22 
    889	 5  37  23 
    890	 5  37  24 
    891	 5  37  25 
    892	 5  37  26 
    893	 5  37  27 
    894	 5  37  28 
    895	 5  37  29 
    896	 5  37  30 
    897	 5  37  31 
    898	 5  37  32 
    899	 5  37  33 
    900	 5  37  34 
    901	 5  37  35 
    902	 5  37  36 
    903	 5  44  5 
    904	 5  44  6 
    905	 5  44  7 
    906	 5  44  8 
    907	 5  44  9 
    908	 5  44  10 
    909	 5  44  11 
    910	 5  44  12 
    911	 5  44  13 
    912	 5  44  14 
    913	 5  44  15 
    914	 5  44  16 
    915	 5  44  17 
    916	 5  44  18 
    917	 5  44  19 
    918	 5  44  20 
    919	 5  44  21 
    920	 5  44  22 
    921	 5  44  23 
    922	 5  44  25 
    923	 5  44  26 
    924	 5  44  27 
    925	 5  44  28 
    926	 5  44  29 
    927	 5  44  30 
    928	 5  44  31 
    929	 5  44  32 
    930	 5  44  33 
    931	 5  44  34 
    932	 5  44  35 
    933	 5  44  36 
    934	 5  44  37 
    935	 5  44  38 
    936	 5  44  39 
    937	 5  44  40 
    938	 5  44  41 
    939	 5  44  42 
    940	 5  44  43 
    941	 5  46  5 
    942	 5  46  6 
    943	 5  46  7 
    944	 5  46  8 
    945	 5  46  9 
    946	 5  46  10 
    947	 5  46  11 
    948	 5  46  12 
    949	 5  46  13 
    950	 5  46  14 
    951	 5  46  15 
    952	 5  46  16 
    953	 5  46  17 
    954	 5  46  18 
    955	 5  46  19 
    956	 5  46  20 
    957	 5  46  21 
    958	 5  46  22 
    959	 5  46  23 
    960	 5  46  24 
    961	 5  46  26 
    962	 5  46  27 
    963	 5  46  28 
    964	 5  46  29 
    965	 5  46  30 
    966	 5  46  31 
    967	 5  46  32 
    968	 5  46  33 
    969	 5  46  34 
    970	 5  46  35 
    971	 5  46  36 
    972	 5  46  37 
    973	 5  46  38 
    974	 5  46  39 
    975	 5  46  40 
    976	 5  46  41 
    977	 5  46  42 
    978	 5  46  43 
    979	 5  46  44 
    980	 5  46  45 
    981	 6  11  6 
    982	 6  11  7 
    983	 6  11  9 
    984	 6  11  10 
    985	 6  12  6 
    986	 6  12  7 
    987	 6  12  8 
    988	 6  12  9 
    989	 6  12  10 
    990	 6  12  11 
    991	 6  17  6 
    992	 6  17  7 
    993	 6  17  8 
    994	 6  17  9 
    995	 6  17  10 
    996	 6  17  12 
    997	 6  17  13 
    998	 6  17  14 
    999	 6  17  15 
    1000	 6  17  16 
    1001	 6  20  6 
    1002	 6  20  7 
    1003	 6  20  8 
    1004	 6  20  9 
    1005	 6  20  10 
    1006	 6  20  11 
    1007	 6  20  12 
    1008	 6  20  13 
    1009	 6  20  14 
    1010	 6  20  15 
    1011	 6  20  16 
    1012	 6  20  17 
    1013	 6  20  18 
    1014	 6  20  19 
    1015	 6  21  6 
    1016	 6  21  7 
    1017	 6  21  8 
    1018	 6  21  9 
    1019	 6  21  10 
    1020	 6  21  11 
    1021	 6  21  12 
    1022	 6  21  14 
    1023	 6  21  15 
    1024	 6  21  16 
    1025	 6  21  17 
    1026	 6  21  18 
    1027	 6  21  19 
    1028	 6  21  20 
    1029	 6  25  6 
    1030	 6  25  7 
    1031	 6  25  8 
    1032	 6  25  9 
    1033	 6  25  10 
    1034	 6  25  11 
    1035	 6  25  12 
    1036	 6  25  13 
    1037	 6  25  14 
    1038	 6  25  16 
    1039	 6  25  17 
    1040	 6  25  18 
    1041	 6  25  19 
    1042	 6  25  20 
    1043	 6  25  21 
    1044	 6  25  22 
    1045	 6  25  23 
    1046	 6  25  24 
    1047	 6  27  6 
    1048	 6  27  7 
    1049	 6  27  8 
    1050	 6  27  9 
    1051	 6  27  10 
    1052	 6  27  11 
    1053	 6  27  12 
    1054	 6  27  13 
    1055	 6  27  14 
    1056	 6  27  15 
    1057	 6  27  17 
    1058	 6  27  18 
    1059	 6  27  19 
    1060	 6  27  20 
    1061	 6  27  21 
    1062	 6  27  22 
    1063	 6  27  23 
    1064	 6  27  24 
    1065	 6  27  25 
    1066	 6  27  26 
    1067	 6  28  6 
    1068	 6  28  7 
    1069	 6  28  8 
    1070	 6  28  9 
    1071	 6  28  10 
    1072	 6  28  11 
    1073	 6  28  12 
    1074	 6  28  13 
    1075	 6  28  14 
    1076	 6  28  15 
    1077	 6  28  16 
    1078	 6  28  17 
    1079	 6  28  18 
    1080	 6  28  19 
    1081	 6  28  20 
    1082	 6  28  21 
    1083	 6  28  22 
    1084	 6  28  23 
    1085	 6  28  24 
    1086	 6  28  25 
    1087	 6  28  26 
    1088	 6  28  27 
    1089	 6  30  6 
    1090	 6  30  7 
    1091	 6  30  8 
    1092	 6  30  9 
    1093	 6  30  10 
    1094	 6  30  11 
    1095	 6  30  12 
    1096	 6  30  13 
    1097	 6  30  14 
    1098	 6  30  15 
    1099	 6  30  16 
    1100	 6  30  17 
    1101	 6  30  18 
    1102	 6  30  19 
    1103	 6  30  20 
    1104	 6  30  21 
    1105	 6  30  22 
    1106	 6  30  23 
    1107	 6  30  24 
    1108	 6  30  25 
    1109	 6  30  26 
    1110	 6  30  27 
    1111	 6  30  28 
    1112	 6  30  29 
    1113	 6  31  6 
    1114	 6  31  7 
    1115	 6  31  8 
    1116	 6  31  9 
    1117	 6  31  10 
    1118	 6  31  11 
    1119	 6  31  12 
    1120	 6  31  13 
    1121	 6  31  14 
    1122	 6  31  15 
    1123	 6  31  16 
    1124	 6  31  17 
    1125	 6  31  19 
    1126	 6  31  20 
    1127	 6  31  21 
    1128	 6  31  22 
    1129	 6  31  23 
    1130	 6  31  24 
    1131	 6  31  25 
    1132	 6  31  26 
    1133	 6  31  27 
    1134	 6  31  28 
    1135	 6  31  29 
    1136	 6  31  30 
    1137	 6  33  6 
    1138	 6  33  7 
    1139	 6  33  8 
    1140	 6  33  9 
    1141	 6  33  10 
    1142	 6  33  11 
    1143	 6  33  12 
    1144	 6  33  13 
    1145	 6  33  14 
    1146	 6  33  15 
    1147	 6  33  16 
    1148	 6  33  17 
    1149	 6  33  18 
    1150	 6  33  20 
    1151	 6  33  21 
    1152	 6  33  22 
    1153	 6  33  23 
    1154	 6  33  24 
    1155	 6  33  25 
    1156	 6  33  26 
    1157	 6  33  27 
    1158	 6  33  28 
    1159	 6  33  29 
    1160	 6  33  30 
    1161	 6  33  31 
    1162	 6  33  32 
    1163	 6  37  6 
    1164	 6  37  7 
    1165	 6  37  8 
    1166	 6  37  9 
    1167	 6  37  10 
    1168	 6  37  11 
    1169	 6  37  12 
    1170	 6  37  13 
    1171	 6  37  14 
    1172	 6  37  15 
    1173	 6  37  16 
    1174	 6  37  17 
    1175	 6  37  18 
    1176	 6  37  19 
    1177	 6  37  20 
    1178	 6  37  22 
    1179	 6  37  23 
    1180	 6  37  24 
    1181	 6  37  25 
    1182	 6  37  26 
    1183	 6  37  27 
    1184	 6  37  28 
    1185	 6  37  29 
    1186	 6  37  30 
    1187	 6  37  31 
    1188	 6  37  32 
    1189	 6  37  33 
    1190	 6  37  34 
    1191	 6  37  35 
    1192	 6  37  36 
    1193	 6  44  6 
    1194	 6  44  7 
    1195	 6  44  8 
    1196	 6  44  9 
    1197	 6  44  10 
    1198	 6  44  11 
    1199	 6  44  12 
    1200	 6  44  13 
    1201	 6  44  14 
    1202	 6  44  15 
    1203	 6  44  16 
    1204	 6  44  17 
    1205	 6  44  18 
    1206	 6  44  19 
    1207	 6  44  20 
    1208	 6  44  21 
    1209	 6  44  22 
    1210	 6  44  23 
    1211	 6  44  24 
    1212	 6  44  25 
    1213	 6  44  26 
    1214	 6  44  27 
    1215	 6  44  28 
    1216	 6  44  29 
    1217	 6  44  30 
    1218	 6  44  31 
    1219	 6  44  32 
    1220	 6  44  33 
    1221	 6  44  34 
    1222	 6  44  35 
    1223	 6  44  36 
    1224	 6  44  37 
    1225	 6  44  38 
    1226	 6  44  39 
    1227	 6  44  40 
    1228	 6  44  41 
    1229	 6  44  42 
    1230	 6  44  43 
    1231	 6  46  6 
    1232	 6  46  7 
    1233	 6  46  8 
    1234	 6  46  9 
    1235	 6  46  10 
    1236	 6  46  11 
    1237	 6  46  12 
    1238	 6  46  13 
    1239	 6  46  14 
    1240	 6  46  15 
    1241	 6  46  16 
    1242	 6  46  17 
    1243	 6  46  18 
    1244	 6  46  19 
    1245	 6  46  20 
    1246	 6  46  21 
    1247	 6  46  22 
    1248	 6  46  23 
    1249	 6  46  24 
    1250	 6  46  25 
    1251	 6  46  26 
    1252	 6  46  27 
    1253	 6  46  28 
    1254	 6  46  29 
    1255	 6  46  30 
    1256	 6  46  31 
    1257	 6  46  32 
    1258	 6  46  33 
    1259	 6  46  34 
    1260	 6  46  35 
    1261	 6  46  36 
    1262	 6  46  37 
    1263	 6  46  38 
    1264	 6  46  39 
    1265	 6  46  40 
    1266	 6  46  41 
    1267	 6  46  42 
    1268	 6  46  43 
    1269	 6  46  44 
    1270	 6  46  45 
    1271	 11  17  11 
    1272	 11  17  12 
    1273	 11  17  13 
    1274	 11  17  14 
    1275	 11  17  15 
    1276	 11  17  16 
    1277	 11  20  11 
    1278	 11  20  12 
    1279	 11  20  13 
    1280	 11  20  14 
    1281	 11  20  16 
    1282	 11  20  17 
    1283	 11  20  18 
    1284	 11  20  19 
    1285	 11  21  11 
    1286	 11  21  12 
    1287	 11  21  13 
    1288	 11  21  14 
    1289	 11  21  15 
    1290	 11  21  16 
    1291	 11  21  17 
    1292	 11  21  18 
    1293	 11  21  19 
    1294	 11  21  20 
    1295	 11  25  11 
    1296	 11  25  12 
    1297	 11  25  13 
    1298	 11  25  14 
    1299	 11  25  15 
    1300	 11  25  16 
    1301	 11  25  17 
    1302	 11  25  18 
    1303	 11  25  19 
    1304	 11  25  20 
    1305	 11  25  21 
    1306	 11  25  22 
    1307	 11  25  23 
    1308	 11  25  24 
    1309	 11  27  11 
    1310	 11  27  12 
    1311	 11  27  13 
    1312	 11  27  14 
    1313	 11  27  15 
    1314	 11  27  16 
    1315	 11  27  17 
    1316	 11  27  18 
    1317	 11  27  19 
    1318	 11  27  20 
    1319	 11  27  21 
    1320	 11  27  22 
    1321	 11  27  23 
    1322	 11  27  24 
    1323	 11  27  25 
    1324	 11  27  26 
    1325	 11  28  11 
    1326	 11  28  12 
    1327	 11  28  13 
    1328	 11  28  14 
    1329	 11  28  15 
    1330	 11  28  16 
    1331	 11  28  17 
    1332	 11  28  18 
    1333	 11  28  20 
    1334	 11  28  21 
    1335	 11  28  22 
    1336	 11  28  23 
    1337	 11  28  24 
    1338	 11  28  25 
    1339	 11  28  26 
    1340	 11  28  27 
    1341	 11  30  11 
    1342	 11  30  12 
    1343	 11  30  13 
    1344	 11  30  14 
    1345	 11  30  15 
    1346	 11  30  16 
    1347	 11  30  17 
    1348	 11  30  18 
    1349	 11  30  19 
    1350	 11  30  21 
    1351	 11  30  22 
    1352	 11  30  23 
    1353	 11  30  24 
    1354	 11  30  25 
    1355	 11  30  26 
    1356	 11  30  27 
    1357	 11  30  28 
    1358	 11  30  29 
    1359	 11  31  11 
    1360	 11  31  12 
    1361	 11  31  13 
    1362	 11  31  14 
    1363	 11  31  15 
    1364	 11  31  16 
    1365	 11  31  17 
    1366	 11  31  18 
    1367	 11  31  19 
    1368	 11  31  20 
    1369	 11  31  21 
    1370	 11  31  22 
    1371	 11  31  23 
    1372	 11  31  24 
    1373	 11  31  25 
    1374	 11  31  26 
    1375	 11  31  27 
    1376	 11  31  28 
    1377	 11  31  29 
    1378	 11  31  30 
    1379	 11  33  11 
    1380	 11  33  12 
    1381	 11  33  13 
    1382	 11  33  14 
    1383	 11  33  15 
    1384	 11  33  16 
    1385	 11  33  17 
    1386	 11  33  18 
    1387	 11  33  19 
    1388	 11  33  20 
    1389	 11  33  21 
    1390	 11  33  22 
    1391	 11  33  23 
    1392	 11  33  24 
    1393	 11  33  25 
    1394	 11  33  26 
    1395	 11  33  27 
    1396	 11  33  28 
    1397	 11  33  29 
    1398	 11  33  30 
    1399	 11  33  31 
    1400	 11  33  32 
    1401	 11  37  11 
    1402	 11  37  12 
    1403	 11  37  13 
    1404	 11  37  14 
    1405	 11  37  15 
    1406	 11  37  16 
    1407	 11  37  17 
    1408	 11  37  18 
    1409	 11  37  19 
    1410	 11  37  20 
    1411	 11  37  21 
    1412	 11  37  22 
    1413	 11  37  23 
    1414	 11  37  24 
    1415	 11  37  25 
    1416	 11  37  26 
    1417	 11  37  27 
    1418	 11  37  28 
    1419	 11  37  29 
    1420	 11  37  30 
    1421	 11  37  31 
    1422	 11  37  32 
    1423	 11  37  33 
    1424	 11  37  34 
    1425	 11  37  35 
    1426	 11  37  36 
    1427	 11  44  11 
    1428	 11  44  12 
    1429	 11  44  13 
    1430	 11  44  14 
    1431	 11  44  15 
    1432	 11  44  16 
    1433	 11  44  17 
    1434	 11  44  18 
    1435	 11  44  19 
    1436	 11  44  20 
    1437	 11  44  21 
    1438	 11  44  22 
    1439	 11  44  23 
    1440	 11  44  24 
    1441	 11  44  25 
    1442	 11  44  26 
    1443	 11  44  28 
    1444	 11  44  29 
    1445	 11  44  30 
    1446	 11  44  31 
    1447	 11  44  32 
    1448	 11  44  33 
    1449	 11  44  34 
    1450	 11  44  35 
    1451	 11  44  36 
    1452	 11  44  37 
    1453	 11  44  38 
    1454	 11  44  39 
    1455	 11  44  40 
    1456	 11  44  41 
    1457	 11  44  42 
    1458	 11  44  43 
    1459	 11  46  11 
    1460	 11  46  12 
    1461	 11  46  13 
    1462	 11  46  14 
    1463	 11  46  15 
    1464	 11  46  16 
    1465	 11  46  17 
    1466	 11  46  18 
    1467	 11  46  19 
    1468	 11  46  20 
    1469	 11  46  21 
    1470	 11  46  22 
    1471	 11  46  23 
    1472	 11  46  24 
    1473	 11  46  25 
    1474	 11  46  26 
    1475	 11  46  27 
    1476	 11  46  29 
    1477	 11  46  30 
    1478	 11  46  31 
    1479	 11  46  32 
    1480	 11  46  33 
    1481	 11  46  34 
    1482	 11  46  35 
    1483	 11  46  36 
    1484	 11  46  37 
    1485	 11  46  38 
    1486	 11  46  39 
    1487	 11  46  40 
    1488	 11  46  41 
    1489	 11  46  42 
    1490	 11  46  43 
    1491	 11  46  44 
    1492	 11  46  45 
    1493	 12  17  12 
    1494	 12  17  13 
    1495	 12  17  15 
    1496	 12  17  16 
    1497	 12  20  12 
    1498	 12  20  13 
    1499	 12  20  14 
    1500	 12  20  15 
    1501	 12  20  16 
    1502	 12  20  17 
    1503	 12  20  18 
    1504	 12  20  19 
    1505	 12  21  12 
    1506	 12  21  13 
    1507	 12  21  14 
    1508	 12  21  15 
    1509	 12  21  17 
    1510	 12  21  18 
    1511	 12  21  19 
    1512	 12  21  20 
    1513	 12  25  12 
    1514	 12  25  13 
    1515	 12  25  14 
    1516	 12  25  15 
    1517	 12  25  16 
    1518	 12  25  17 
    1519	 12  25  19 
    1520	 12  25  20 
    1521	 12  25  21 
    1522	 12  25  22 
    1523	 12  25  23 
    1524	 12  25  24 
    1525	 12  27  12 
    1526	 12  27  13 
    1527	 12  27  14 
    1528	 12  27  15 
    1529	 12  27  16 
    1530	 12  27  17 
    1531	 12  27  18 
    1532	 12  27  20 
    1533	 12  27  21 
    1534	 12  27  22 
    1535	 12  27  23 
    1536	 12  27  24 
    1537	 12  27  25 
    1538	 12  27  26 
    1539	 12  28  12 
    1540	 12  28  13 
    1541	 12  28  14 
    1542	 12  28  15 
    1543	 12  28  16 
    1544	 12  28  17 
    1545	 12  28  18 
    1546	 12  28  19 
    1547	 12  28  20 
    1548	 12  28  21 
    1549	 12  28  22 
    1550	 12  28  23 
    1551	 12  28  24 
    1552	 12  28  25 
    1553	 12  28  26 
    1554	 12  28  27 
    1555	 12  30  12 
    1556	 12  30  13 
    1557	 12  30  14 
    1558	 12  30  15 
    1559	 12  30  16 
    1560	 12  30  17 
    1561	 12  30  18 
    1562	 12  30  19 
    1563	 12  30  20 
    1564	 12  30  21 
    1565	 12  30  22 
    1566	 12  30  23 
    1567	 12  30  24 
    1568	 12  30  25 
    1569	 12  30  26 
    1570	 12  30  27 
    1571	 12  30  28 
    1572	 12  30  29 
    1573	 12  31  12 
    1574	 12  31  13 
    1575	 12  31  14 
    1576	 12  31  15 
    1577	 12  31  16 
    1578	 12  31  17 
    1579	 12  31  18 
    1580	 12  31  19 
    1581	 12  31  20 
    1582	 12  31  22 
    1583	 12  31  23 
    1584	 12  31  24 
    1585	 12  31  25 
    1586	 12  31  26 
    1587	 12  31  27 
    1588	 12  31  28 
    1589	 12  31  29 
    1590	 12  31  30 
    1591	 12  33  12 
    1592	 12  33  13 
    1593	 12  33  14 
    1594	 12  33  15 
    1595	 12  33  16 
    1596	 12  33  17 
    1597	 12  33  18 
    1598	 12  33  19 
    1599	 12  33  20 
    1600	 12  33  21 
    1601	 12  33  23 
    1602	 12  33  24 
    1603	 12  33  25 
    1604	 12  33  26 
    1605	 12  33  27 
    1606	 12  33  28 
    1607	 12  33  29 
    1608	 12  33  30 
    1609	 12  33  31 
    1610	 12  33  32 
    1611	 12  37  12 
    1612	 12  37  13 
    1613	 12  37  14 
    1614	 12  37  15 
    1615	 12  37  16 
    1616	 12  37  17 
    1617	 12  37  18 
    1618	 12  37  19 
    1619	 12  37  20 
    1620	 12  37  21 
    1621	 12  37  22 
    1622	 12  37  23 
    1623	 12  37  25 
    1624	 12  37  26 
    1625	 12  37  27 
    1626	 12  37  28 
    1627	 12  37  29 
    1628	 12  37  30 
    1629	 12  37  31 
    1630	 12  37  32 
    1631	 12  37  33 
    1632	 12  37  34 
    1633	 12  37  35 
    1634	 12  37  36 
    1635	 12  44  12 
    1636	 12  44  13 
    1637	 12  44  14 
    1638	 12  44  15 
    1639	 12  44  16 
    1640	 12  44  17 
    1641	 12  44  18 
    1642	 12  44  19 
    1643	 12  44  20 
    1644	 12  44  21 
    1645	 12  44  22 
    1646	 12  44  23 
    1647	 12  44  24 
    1648	 12  44  25 
    1649	 12  44  26 
    1650	 12  44  27 
    1651	 12  44  28 
    1652	 12  44  29 
    1653	 12  44  30 
    1654	 12  44  31 
    1655	 12  44  32 
    1656	 12  44  33 
    1657	 12  44  34 
    1658	 12  44  35 
    1659	 12  44  36 
    1660	 12  44  37 
    1661	 12  44  38 
    1662	 12  44  39 
    1663	 12  44  40 
    1664	 12  44  41 
    1665	 12  44  42 
    1666	 12  44  43 
    1667	 12  46  12 
    1668	 12  46  13 
    1669	 12  46  14 
    1670	 12  46  15 
    1671	 12  46  16 
    1672	 12  46  17 
    1673	 12  46  18 
    1674	 12  46  19 
    1675	 12  46  20 
    1676	 12  46  21 
    1677	 12  46  22 
    1678	 12  46  23 
    1679	 12  46  24 
    1680	 12  46  25 
    1681	 12  46  26 
    1682	 12  46  27 
    1683	 12  46  28 
    1684	 12  46  29 
    1685	 12  46  30 
    1686	 12  46  31 
    1687	 12  46  32 
    1688	 12  46  33 
    1689	 12  46  34 
    1690	 12  46  35 
    1691	 12  46  36 
    1692	 12  46  37 
    1693	 12  46  38 
    1694	 12  46  39 
    1695	 12  46  40 
    1696	 12  46  41 
    1697	 12  46  42 
    1698	 12  46  43 
    1699	 12  46  44 
    1700	 12  46  45 
    1701	 17  20  17 
    1702	 17  20  19 
    1703	 17  21  17 
    1704	 17  21  18 
    1705	 17  21  19 
    1706	 17  21  20 
    1707	 17  25  17 
    1708	 17  25  18 
    1709	 17  25  19 
    1710	 17  25  20 
    1711	 17  25  21 
    1712	 17  25  22 
    1713	 17  25  23 
    1714	 17  25  24 
    1715	 17  27  17 
    1716	 17  27  18 
    1717	 17  27  19 
    1718	 17  27  20 
    1719	 17  27  21 
    1720	 17  27  22 
    1721	 17  27  23 
    1722	 17  27  24 
    1723	 17  27  25 
    1724	 17  27  26 
    1725	 17  28  17 
    1726	 17  28  18 
    1727	 17  28  19 
    1728	 17  28  20 
    1729	 17  28  21 
    1730	 17  28  23 
    1731	 17  28  24 
    1732	 17  28  25 
    1733	 17  28  26 
    1734	 17  28  27 
    1735	 17  30  17 
    1736	 17  30  18 
    1737	 17  30  19 
    1738	 17  30  20 
    1739	 17  30  21 
    1740	 17  30  22 
    1741	 17  30  24 
    1742	 17  30  25 
    1743	 17  30  26 
    1744	 17  30  27 
    1745	 17  30  28 
    1746	 17  30  29 
    1747	 17  31  17 
    1748	 17  31  18 
    1749	 17  31  19 
    1750	 17  31  20 
    1751	 17  31  21 
    1752	 17  31  22 
    1753	 17  31  23 
    1754	 17  31  24 
    1755	 17  31  25 
    1756	 17  31  26 
    1757	 17  31  27 
    1758	 17  31  28 
    1759	 17  31  29 
    1760	 17  31  30 
    1761	 17  33  17 
    1762	 17  33  18 
    1763	 17  33  19 
    1764	 17  33  20 
    1765	 17  33  21 
    1766	 17  33  22 
    1767	 17  33  23 
    1768	 17  33  24 
    1769	 17  33  25 
    1770	 17  33  26 
    1771	 17  33  27 
    1772	 17  33  28 
    1773	 17  33  29 
    1774	 17  33  30 
    1775	 17  33  31 
    1776	 17  33  32 
    1777	 17  37  17 
    1778	 17  37  18 
    1779	 17  37  19 
    1780	 17  37  20 
    1781	 17  37  21 
    1782	 17  37  22 
    1783	 17  37  23 
    1784	 17  37  24 
    1785	 17  37  25 
    1786	 17  37  26 
    1787	 17  37  27 
    1788	 17  37  28 
    1789	 17  37  29 
    1790	 17  37  30 
    1791	 17  37  31 
    1792	 17  37  32 
    1793	 17  37  33 
    1794	 17  37  34 
    1795	 17  37  35 
    1796	 17  37  36 
    1797	 17  44  17 
    1798	 17  44  18 
    1799	 17  44  19 
    1800	 17  44  20 
    1801	 17  44  21 
    1802	 17  44  22 
    1803	 17  44  23 
    1804	 17  44  24 
    1805	 17  44  25 
    1806	 17  44  26 
    1807	 17  44  27 
    1808	 17  44  28 
    1809	 17  44  29 
    1810	 17  44  31 
    1811	 17  44  32 
    1812	 17  44  33 
    1813	 17  44  34 
    1814	 17  44  35 
    1815	 17  44  36 
    1816	 17  44  37 
    1817	 17  44  38 
    1818	 17  44  39 
    1819	 17  44  40 
    1820	 17  44  41 
    1821	 17  44  42 
    1822	 17  44  43 
    1823	 17  46  17 
    1824	 17  46  18 
    1825	 17  46  19 
    1826	 17  46  20 
    1827	 17  46  21 
    1828	 17  46  22 
    1829	 17  46  23 
    1830	 17  46  24 
    1831	 17  46  25 
    1832	 17  46  26 
    1833	 17  46  27 
    1834	 17  46  28 
    1835	 17  46  29 
    1836	 17  46  30 
    1837	 17  46  32 
    1838	 17  46  33 
    1839	 17  46  34 
    1840	 17  46  35 
    1841	 17  46  36 
    1842	 17  46  37 
    1843	 17  46  38 
    1844	 17  46  39 
    1845	 17  46  40 
    1846	 17  46  41 
    1847	 17  46  42 
    1848	 17  46  43 
    1849	 17  46  44 
    1850	 17  46  45 
    1851	 20  25  20 
    1852	 20  25  21 
    1853	 20  25  23 
    1854	 20  25  24 
    1855	 20  27  20 
    1856	 20  27  21 
    1857	 20  27  22 
    1858	 20  27  24 
    1859	 20  27  25 
    1860	 20  27  26 
    1861	 20  28  20 
    1862	 20  28  21 
    1863	 20  28  22 
    1864	 20  28  23 
    1865	 20  28  24 
    1866	 20  28  25 
    1867	 20  28  26 
    1868	 20  28  27 
    1869	 20  30  20 
    1870	 20  30  21 
    1871	 20  30  22 
    1872	 20  30  23 
    1873	 20  30  24 
    1874	 20  30  25 
    1875	 20  30  26 
    1876	 20  30  27 
    1877	 20  30  28 
    1878	 20  30  29 
    1879	 20  31  20 
    1880	 20  31  21 
    1881	 20  31  22 
    1882	 20  31  23 
    1883	 20  31  24 
    1884	 20  31  26 
    1885	 20  31  27 
    1886	 20  31  28 
    1887	 20  31  29 
    1888	 20  31  30 
    1889	 20  33  20 
    1890	 20  33  21 
    1891	 20  33  22 
    1892	 20  33  23 
    1893	 20  33  24 
    1894	 20  33  25 
    1895	 20  33  27 
    1896	 20  33  28 
    1897	 20  33  29 
    1898	 20  33  30 
    1899	 20  33  31 
    1900	 20  33  32 
    1901	 20  37  20 
    1902	 20  37  21 
    1903	 20  37  22 
    1904	 20  37  23 
    1905	 20  37  24 
    1906	 20  37  25 
    1907	 20  37  26 
    1908	 20  37  27 
    1909	 20  37  29 
    1910	 20  37  30 
    1911	 20  37  31 
    1912	 20  37  32 
    1913	 20  37  33 
    1914	 20  37  34 
    1915	 20  37  35 
    1916	 20  37  36 
    1917	 20  44  20 
    1918	 20  44  21 
    1919	 20  44  22 
    1920	 20  44  23 
    1921	 20  44  24 
    1922	 20  44  25 
    1923	 20  44  26 
    1924	 20  44  27 
    1925	 20  44  28 
    1926	 20  44  29 
    1927	 20  44  30 
    1928	 20  44  31 
    1929	 20  44  32 
    1930	 20  44  33 
    1931	 20  44  34 
    1932	 20  44  35 
    1933	 20  44  36 
    1934	 20  44  37 
    1935	 20  44  38 
    1936	 20  44  39 
    1937	 20  44  40 
    1938	 20  44  41 
    1939	 20  44  42 
    1940	 20  44  43 
    1941	 20  46  20 
    1942	 20  46  21 
    1943	 20  46  22 
    1944	 20  46  23 
    1945	 20  46  24 
    1946	 20  46  25 
    1947	 20  46  26 
    1948	 20  46  27 
    1949	 20  46  28 
    1950	 20  46  29 
    1951	 20  46  30 
    1952	 20  46  31 
    1953	 20  46  32 
    1954	 20  46  33 
    1955	 20  46  34 
    1956	 20  46  35 
    1957	 20  46  36 
    1958	 20  46  37 
    1959	 20  46  38 
    1960	 20  46  39 
    1961	 20  46  40 
    1962	 20  46  41 
    1963	 20  46  42 
    1964	 20  46  43 
    1965	 20  46  44 
    1966	 20  46  45 
    1967	 21  25  21 
    1968	 21  25  22 
    1969	 21  25  23 
    1970	 21  25  24 
    1971	 21  27  21 
    1972	 21  27  22 
    1973	 21  27  23 
    1974	 21  27  24 
    1975	 21  27  25 
    1976	 21  27  26 
    1977	 21  28  21 
    1978	 21  28  22 
    1979	 21  28  23 
    1980	 21  28  25 
    1981	 21  28  26 
    1982	 21  28  27 
    1983	 21  30  21 
    1984	 21  30  22 
    1985	 21  30  23 
    1986	 21  30  24 
    1987	 21  30  26 
    1988	 21  30  27 
    1989	 21  30  28 
    1990	 21  30  29 
    1991	 21  31  21 
    1992	 21  31  22 
    1993	 21  31  23 
    1994	 21  31  24 
    1995	 21  31  25 
    1996	 21  31  26 
    1997	 21  31  27 
    1998	 21  31  28 
    1999	 21  31  29 
    2000	 21  31  30 
    2001	 21  33  21 
    2002	 21  33  22 
    2003	 21  33  23 
    2004	 21  33  24 
    2005	 21  33  25 
    2006	 21  33  26 
    2007	 21  33  27 
    2008	 21  33  28 
    2009	 21  33  29 
    2010	 21  33  30 
    2011	 21  33  31 
    2012	 21  33  32 
    2013	 21  37  21 
    2014	 21  37  22 
    2015	 21  37  23 
    2016	 21  37  24 
    2017	 21  37  25 
    2018	 21  37  26 
    2019	 21  37  27 
    2020	 21  37  28 
    2021	 21  37  29 
    2022	 21  37  30 
    2023	 21  37  31 
    2024	 21  37  32 
    2025	 21  37  33 
    2026	 21  37  34 
    2027	 21  37  35 
    2028	 21  37  36 
    2029	 21  44  21 
    2030	 21  44  22 
    2031	 21  44  23 
    2032	 21  44  24 
    2033	 21  44  25 
    2034	 21  44  26 
    2035	 21  44  27 
    2036	 21  44  28 
    2037	 21  44  29 
    2038	 21  44  30 
    2039	 21  44  31 
    2040	 21  44  33 
    2041	 21  44  34 
    2042	 21  44  35 
    2043	 21  44  36 
    2044	 21  44  37 
    2045	 21  44  38 
    2046	 21  44  39 
    2047	 21  44  40 
    2048	 21  44  41 
    2049	 21  44  42 
    2050	 21  44  43 
    2051	 21  46  21 
    2052	 21  46  22 
    2053	 21  46  23 
    2054	 21  46  24 
    2055	 21  46  25 
    2056	 21  46  26 
    2057	 21  46  27 
    2058	 21  46  28 
    2059	 21  46  29 
    2060	 21  46  30 
    2061	 21  46  31 
    2062	 21  46  32 
    2063	 21  46  34 
    2064	 21  46  35 
    2065	 21  46  36 
    2066	 21  46  37 
    2067	 21  46  38 
    2068	 21  46  39 
    2069	 21  46  40 
    2070	 21  46  41 
    2071	 21  46  42 
    2072	 21  46  43 
    2073	 21  46  44 
    2074	 21  46  45 
    2075	 25  27  25 
    2076	 25  27  26 
    2077	 25  28  25 
    2078	 25  28  27 
    2079	 25  30  25 
    2080	 25  30  26 
    2081	 25  30  28 
    2082	 25  30  29 
    2083	 25  31  25 
    2084	 25  31  26 
    2085	 25  31  27 
    2086	 25  31  28 
    2087	 25  31  29 
    2088	 25  31  30 
    2089	 25  33  25 
    2090	 25  33  26 
    2091	 25  33  27 
    2092	 25  33  28 
    2093	 25  33  29 
    2094	 25  33  30 
    2095	 25  33  31 
    2096	 25  33  32 
    2097	 25  37  25 
    2098	 25  37  26 
    2099	 25  37  27 
    2100	 25  37  28 
    2101	 25  37  29 
    2102	 25  37  30 
    2103	 25  37  31 
    2104	 25  37  32 
    2105	 25  37  33 
    2106	 25  37  34 
    2107	 25  37  35 
    2108	 25  37  36 
    2109	 25  44  25 
    2110	 25  44  26 
    2111	 25  44  27 
    2112	 25  44  28 
    2113	 25  44  29 
    2114	 25  44  30 
    2115	 25  44  31 
    2116	 25  44  32 
    2117	 25  44  33 
    2118	 25  44  35 
    2119	 25  44  36 
    2120	 25  44  37 
    2121	 25  44  38 
    2122	 25  44  39 
    2123	 25  44  40 
    2124	 25  44  41 
    2125	 25  44  42 
    2126	 25  44  43 
    2127	 25  46  25 
    2128	 25  46  26 
    2129	 25  46  27 
    2130	 25  46  28 
    2131	 25  46  29 
    2132	 25  46  30 
    2133	 25  46  31 
    2134	 25  46  32 
    2135	 25  46  33 
    2136	 25  46  34 
    2137	 25  46  36 
    2138	 25  46  37 
    2139	 25  46  38 
    2140	 25  46  39 
    2141	 25  46  40 
    2142	 25  46  41 
    2143	 25  46  42 
    2144	 25  46  43 
    2145	 25  46  44 
    2146	 25  46  45 
    2147	 27  30  27 
    2148	 27  30  29 
    2149	 27  31  27 
    2150	 27  31  28 
    2151	 27  31  29 
    2152	 27  31  30 
    2153	 27  33  27 
    2154	 27  33  28 
    2155	 27  33  29 
    2156	 27  33  30 
    2157	 27  33  31 
    2158	 27  33  32 
    2159	 27  37  27 
    2160	 27  37  28 
    2161	 27  37  29 
    2162	 27  37  30 
    2163	 27  37  31 
    2164	 27  37  32 
    2165	 27  37  33 
    2166	 27  37  34 
    2167	 27  37  35 
    2168	 27  37  36 
    2169	 27  44  27 
    2170	 27  44  28 
    2171	 27  44  29 
    2172	 27  44  30 
    2173	 27  44  31 
    2174	 27  44  32 
    2175	 27  44  33 
    2176	 27  44  34 
    2177	 27  44  36 
    2178	 27  44  37 
    2179	 27  44  38 
    2180	 27  44  39 
    2181	 27  44  40 
    2182	 27  44  41 
    2183	 27  44  42 
    2184	 27  44  43 
    2185	 27  46  27 
    2186	 27  46  28 
    2187	 27  46  29 
    2188	 27  46  30 
    2189	 27  46  31 
    2190	 27  46  32 
    2191	 27  46  33 
    2192	 27  46  34 
    2193	 27  46  35 
    2194	 27  46  37 
    2195	 27  46  38 
    2196	 27  46  39 
    2197	 27  46  40 
    2198	 27  46  41 
    2199	 27  46  42 
    2200	 27  46  43 
    2201	 27  46  44 
    2202	 27  46  45 
    2203	 28  30  28 
    2204	 28  30  29 
    2205	 28  31  28 
    2206	 28  31  30 
    2207	 28  33  28 
    2208	 28  33  29 
    2209	 28  33  31 
    2210	 28  33  32 
    2211	 28  37  28 
    2212	 28  37  29 
    2213	 28  37  30 
    2214	 28  37  31 
    2215	 28  37  33 
    2216	 28  37  34 
    2217	 28  37  35 
    2218	 28  37  36 
    2219	 28  44  28 
    2220	 28  44  29 
    2221	 28  44  30 
    2222	 28  44  31 
    2223	 28  44  32 
    2224	 28  44  33 
    2225	 28  44  34 
    2226	 28  44  35 
    2227	 28  44  36 
    2228	 28  44  37 
    2229	 28  44  38 
    2230	 28  44  39 
    2231	 28  44  40 
    2232	 28  44  41 
    2233	 28  44  42 
    2234	 28  44  43 
    2235	 28  46  28 
    2236	 28  46  29 
    2237	 28  46  30 
    2238	 28  46  31 
    2239	 28  46  32 
    2240	 28  46  33 
    2241	 28  46  34 
    2242	 28  46  35 
    2243	 28  46  36 
    2244	 28  46  37 
    2245	 28  46  38 
    2246	 28  46  39 
    2247	 28  46  40 
    2248	 28  46  41 
    2249	 28  46  42 
    2250	 28  46  43 
    2251	 28  46  44 
    2252	 28  46  45 
    2253	 30  33  30 
    2254	 30  33  32 
    2255	 30  37  30 
    2256	 30  37  31 
    2257	 30  37  32 
    2258	 30  37  34 
    2259	 30  37  35 
    2260	 30  37  36 
    2261	 30  44  30 
    2262	 30  44  31 
    2263	 30  44  32 
    2264	 30  44  33 
    2265	 30  44  34 
    2266	 30  44  35 
    2267	 30  44  36 
    2268	 30  44  37 
    2269	 30  44  38 
    2270	 30  44  39 
    2271	 30  44  40 
    2272	 30  44  41 
    2273	 30  44  42 
    2274	 30  44  43 
    2275	 30  46  30 
    2276	 30  46  31 
    2277	 30  46  32 
    2278	 30  46  33 
    2279	 30  46  34 
    2280	 30  46  35 
    2281	 30  46  36 
    2282	 30  46  37 
    2283	 30  46  38 
    2284	 30  46  39 
    2285	 30  46  40 
    2286	 30  46  41 
    2287	 30  46  42 
    2288	 30  46  43 
    2289	 30  46  44 
    2290	 30  46  45 
    2291	 31  33  31 
    2292	 31  33  32 
    2293	 31  37  31 
    2294	 31  37  32 
    2295	 31  37  33 
    2296	 31  37  34 
    2297	 31  37  35 
    2298	 31  37  36 
    2299	 31  44  31 
    2300	 31  44  32 
    2301	 31  44  33 
    2302	 31  44  34 
    2303	 31  44  35 
    2304	 31  44  36 
    2305	 31  44  38 
    2306	 31  44  39 
    2307	 31  44  40 
    2308	 31  44  41 
    2309	 31  44  42 
    2310	 31  44  43 
    2311	 31  46  31 
    2312	 31  46  32 
    2313	 31  46  33 
    2314	 31  46  34 
    2315	 31  46  35 
    2316	 31  46  36 
    2317	 31  46  37 
    2318	 31  46  39 
    2319	 31  46  40 
    2320	 31  46  41 
    2321	 31  46  42 
    2322	 31  46  43 
    2323	 31  46  44 
    2324	 31  46  45 
    2325	 33  37  33 
    2326	 33  37  34 
    2327	 33  37  35 
    2328	 33  37  36 
    2329	 33  44  33 
    2330	 33  44  34 
    2331	 33  44  35 
    2332	 33  44  36 
    2333	 33  44  37 
    2334	 33  44  39 
    2335	 33  44  40 
    2336	 33  44  41 
    2337	 33  44  42 
    2338	 33  44  43 
    2339	 33  46  33 
    2340	 33  46  34 
    2341	 33  46  35 
    2342	 33  46  36 
    2343	 33  46  37 
    2344	 33  46  38 
    2345	 33  46  40 
    2346	 33  46  41 
    2347	 33  46  42 
    2348	 33  46  43 
    2349	 33  46  44 
    2350	 33  46  45 
    2351	 37  44  37 
    2352	 37  44  38 
    2353	 37  44  39 
    2354	 37  44  41 
    2355	 37  44  42 
    2356	 37  44  43 
    2357	 37  46  37 
    2358	 37  46  38 
    2359	 37  46  39 
    2360	 37  46  40 
    2361	 37  46  42 
    2362	 37  46  43 
    2363	 37  46  44 
    2364	 37  46  45 
    2365	 44  46  44 
    2366	 44  46  45 ;

param: IK2J: list_2_i list_2_k2 list_2_j :=
    1	  2  5  3  
    2	  2  11  6  
    3	  2  17  9  
    4	  2  21  11  
    5	  2  25  13  
    6	  2  27  14  
    7	  2  31  16  
    8	  2  33  17  
    9	  2  37  19  
    10	  4  11  7  
    11	  4  17  10  
    12	  4  21  12  
    13	  4  25  14  
    14	  4  27  15  
    15	  4  31  17  
    16	  4  33  18  
    17	  4  37  20  
    18	  5  12  8  
    19	  5  20  12  
    20	  5  28  16  
    21	  5  30  17  
    22	  5  44  24  
    23	  5  46  25  
    24	  6  11  8  
    25	  6  17  11  
    26	  6  21  13  
    27	  6  25  15  
    28	  6  27  16  
    29	  6  31  18  
    30	  6  33  19  
    31	  6  37  21  
    32	  11  20  15  
    33	  11  28  19  
    34	  11  30  20  
    35	  11  44  27  
    36	  11  46  28  
    37	  12  17  14  
    38	  12  21  16  
    39	  12  25  18  
    40	  12  27  19  
    41	  12  31  21  
    42	  12  33  22  
    43	  12  37  24  
    44	  17  20  18  
    45	  17  28  22  
    46	  17  30  23  
    47	  17  44  30  
    48	  17  46  31  
    49	  20  25  22  
    50	  20  27  23  
    51	  20  31  25  
    52	  20  33  26  
    53	  20  37  28  
    54	  21  28  24  
    55	  21  30  25  
    56	  21  44  32  
    57	  21  46  33  
    58	  25  28  26  
    59	  25  30  27  
    60	  25  44  34  
    61	  25  46  35  
    62	  27  30  28  
    63	  27  44  35  
    64	  27  46  36  
    65	  28  31  29  
    66	  28  33  30  
    67	  28  37  32  
    68	  30  33  31  
    69	  30  37  33  
    70	  31  44  37  
    71	  31  46  38  
    72	  33  44  38  
    73	  33  46  39  
    74	  37  44  40  
    75	  37  46  41 ;

param: IJ_FOLD: list_3_i list_3_j := 
    1	  2  5  
    2	  2  11  
    3	  2  17  
    4	  2  21  
    5	  2  25  
    6	  2  27  
    7	  2  31  
    8	  2  33  
    9	  2  37  
    10	  4  11  
    11	  4  17  
    12	  4  21  
    13	  4  25  
    14	  4  27  
    15	  4  31  
    16	  4  33  
    17	  4  37  
    18	  5  12  
    19	  5  20  
    20	  5  28  
    21	  5  30  
    22	  5  44  
    23	  5  46  
    24	  6  11  
    25	  6  17  
    26	  6  21  
    27	  6  25  
    28	  6  27  
    29	  6  31  
    30	  6  33  
    31	  6  37  
    32	  11  20  
    33	  11  28  
    34	  11  30  
    35	  11  44  
    36	  11  46  
    37	  12  17  
    38	  12  21  
    39	  12  25  
    40	  12  27  
    41	  12  31  
    42	  12  33  
    43	  12  37  
    44	  17  20  
    45	  17  28  
    46	  17  30  
    47	  17  44  
    48	  17  46  
    49	  20  25  
    50	  20  27  
    51	  20  31  
    52	  20  33  
    53	  20  37  
    54	  21  28  
    55	  21  30  
    56	  21  44  
    57	  21  46  
    58	  25  28  
    59	  25  30  
    60	  25  44  
    61	  25  46  
    62	  27  30  
    63	  27  44  
    64	  27  46  
    65	  28  31  
    66	  28  33  
    67	  28  37  
    68	  30  33  
    69	  30  37  
    70	  31  44  
    71	  31  46  
    72	  33  44  
    73	  33  46  
    74	  37  44  
    75	  37  46 ;